Samples:              1000
Code base length:     50
Closeness difference: 8

Sample  Min_diff  Max_diff  Num_close
-------------------------------------
     0         4        14        432
     1         4        17        402
     2         4        16        246
     3         3        16        457
     4         0        13        938
     5         4        15        440
     6         2        14        609
     7         3        14        489
     8         2        15        758
     9         2        14        764
    10         1        15        774
    11         4        15        273
    12         3        17        299
    13         7        20          6
    14         3        14        638
    15         2        15        652
    16         3        15        616
    17         4        17        269
    18         5        17        119
    19         3        16        478
    20         3        16        419
    21         4        16        257
    22         5        16         48
    23         7        19          1
    24         4        16        251
    25         2        14        779
    26         5        17        110
    27         3        15        622
    28         4        16        149
    29         3        16        423
    30         1        14        879
    31         6        18         23
    32         6        19         66
    33         2        14        554
    34         4        16        234
    35         2        15        647
    36         2        14        605
    37         4        15        437
    38         3        16        440
    39         4        17        227
    40         1        14        878
    41         3        16        419
    42         7        19          4
    43         3        16        497
    44         4        16        231
    45         4        17        133
    46         7        19          1
    47         2        15        662
    48         5        16        211
    49         2        15        652
    50         5        18         99
    51         4        16        281
    52         4        17        240
    53         4        15        300
    54         4        15        263
    55         6        17        118
    56         4        16        312
    57         2        15        669
    58         3        14        468
    59         4        17        212
    60         4        17        246
    61         3        15        668
    62         4        15        256
    63         4        18        119
    64         2        15        627
    65         0        13        938
    66         5        16        114
    67         4        16        429
    68         4        17        237
    69         5        17        106
    70         3        15        674
    71         5        15        262
    72         3        15        597
    73         3        16        413
    74         2        14        646
    75         4        16        463
    76         3        15        645
    77         1        15        772
    78         4        16        439
    79         5        18        125
    80         4        14        449
    81         6        17         19
    82         5        17        116
    83         2        15        653
    84         4        16        283
    85         1        14        872
    86         4        15        417
    87         2        16        459
    88         2        14        662
    89         5        16        113
    90         6        17         33
    91         4        16        250
    92         5        16        144
    93         3        15        431
    94         5        17        173
    95         5        17        119
    96         3        14        617
    97         4        16        458
    98         6        18         15
    99         1        15        755
   100         1        14        877
   101         4        16        435
   102         5        18        148
   103         4        16        478
   104         4        14        411
   105         2        13        631
   106         2        15        636
   107         9        21          0
   108         6        19         42
   109         3        15        477
   110         4        16        246
   111         5        16        239
   112         5        16        269
   113         3        16        481
   114         5        18        155
   115         1        13        882
   116         4        15        271
   117         4        17        411
   118         2        15        646
   119         5        16        138
   120         4        17        277
   121         2        14        657
   122         3        16        615
   123         2        14        770
   124         5        15        271
   125         3        16        518
   126         5        15        230
   127         5        17        112
   128         2        15        704
   129         5        16        225
   130         5        16        212
   131         2        15        639
   132         2        14        792
   133         4        15        271
   134         2        16        598
   135         3        15        459
   136         9        19          0
   137         3        15        625
   138         1        13        877
   139         2        15        770
   140         5        15        229
   141         1        15        763
   142         6        16        104
   143         3        16        493
   144         4        15        247
   145         4        17        234
   146         5        16         82
   147         7        18         14
   148         1        14        786
   149         1        15        770
   150         3        16        587
   151         6        17         26
   152         4        16        274
   153         3        14        610
   154         3        16        506
   155         3        14        550
   156         5        15        311
   157         4        17        285
   158         4        15        428
   159         3        16        462
   160         5        18        103
   161         3        15        467
   162         5        17         39
   163         4        16        241
   164         3        16        425
   165         3        13        620
   166         2        14        787
   167         4        17        228
   168         4        16        265
   169         3        16        494
   170         3        14        639
   171         7        19          1
   172         6        18         31
   173         3        15        483
   174         5        16        234
   175         1        14        874
   176         4        16        277
   177         2        14        783
   178         1        14        866
   179         2        14        786
   180         3        15        436
   181         2        15        672
   182         4        16        256
   183         3        15        500
   184         6        17         30
   185         5        15        279
   186         3        16        272
   187         4        16        431
   188         6        18         83
   189         2        14        769
   190         6        20          7
   191         6        19         44
   192         3        16        606
   193         5        16        266
   194         2        14        627
   195         1        14        797
   196         2        16        607
   197         7        17          9
   198         3        15        649
   199         4        16        276
   200         4        17        260
   201         5        17        123
   202         2        15        449
   203         2        15        661
   204         3        15        394
   205         4        17        410
   206         6        18         23
   207         3        13        626
   208         2        14        635
   209         7        18          5
   210         6        17         34
   211         2        15        431
   212         4        17        264
   213         6        18         38
   214         2        15        782
   215         3        14        585
   216         1        15        770
   217         3        14        603
   218         5        16        111
   219         3        15        596
   220         3        15        295
   221         6        17         36
   222         4        16        309
   223         4        16        233
   224         7        18         14
   225         1        14        788
   226         5        17        103
   227         2        16        508
   228         1        15        777
   229         4        17        126
   230         6        18         13
   231         5        16        213
   232         5        16        130
   233         3        16        466
   234         4        16        171
   235         4        16        234
   236         0        13        899
   237         3        16        477
   238         1        14        871
   239         2        14        778
   240         3        16        451
   241         5        15        125
   242         3        14        485
   243         3        16        626
   244         2        14        642
   245         1        15        768
   246         4        15        251
   247         4        15        419
   248         5        17        124
   249         6        16         99
   250         4        17        228
   251         3        15        603
   252         7        19          2
   253         3        15        484
   254         2        15        655
   255         3        14        626
   256         2        16        613
   257         5        17        100
   258         5        17         85
   259         3        15        520
   260         7        19          1
   261         5        17        265
   262         3        16        503
   263         3        14        438
   264         3        16        469
   265         2        15        643
   266         4        16        253
   267         4        17        222
   268         3        16        407
   269         1        14        879
   270         4        18        220
   271         6        18         20
   272         3        15        637
   273         2        15        783
   274         3        16        520
   275         5        16        135
   276         2        15        606
   277         2        13        765
   278         4        18        214
   279         2        14        771
   280         3        16        409
   281         4        17        216
   282         5        16         95
   283        10        20          0
   284         2        14        777
   285         4        15        468
   286         4        16        389
   287         4        17        442
   288         4        16        210
   289         3        15        628
   290         3        15        628
   291         4        18        231
   292         1        13        773
   293         5        17        162
   294         4        18        226
   295         3        16        516
   296         6        17         94
   297         2        14        644
   298         5        16        244
   299         4        17        288
   300         1        13        781
   301         3        16        437
   302         6        17         36
   303         4        16        252
   304         5        16        144
   305         3        16        601
   306         7        19          8
   307         3        15        454
   308         7        20          1
   309         3        16        495
   310         3        16        276
   311         3        15        460
   312         4        17        229
   313         2        15        640
   314         5        17        125
   315         3        16        490
   316         1        13        806
   317         4        17        248
   318         6        17         21
   319         2        15        617
   320         3        15        448
   321         5        16        137
   322         4        16        307
   323         6        17        104
   324         6        16         39
   325         3        16        453
   326         2        13        792
   327         6        16         38
   328         6        17         83
   329         3        16        435
   330         7        18          2
   331         6        17         26
   332         3        16        413
   333         5        18        120
   334         4        16        239
   335         6        19         18
   336         3        16        457
   337         2        14        784
   338         4        17        244
   339         2        14        641
   340         4        16        253
   341         5        17        129
   342         3        15        460
   343         3        15        480
   344         5        17         92
   345         3        15        651
   346         5        16        227
   347         4        15        220
   348         5        18         99
   349         3        13        653
   350         2        15        625
   351         2        14        779
   352         3        14        625
   353         4        16        261
   354         3        16        604
   355         3        15        605
   356         3        16        490
   357         2        15        659
   358         2        15        620
   359         2        14        788
   360         3        16        449
   361         4        16        237
   362         4        17        226
   363         5        18         51
   364         1        14        874
   365         5        16        107
   366         3        15        618
   367         2        16        621
   368         4        16        399
   369         5        17        155
   370         2        15        639
   371         3        16        478
   372         3        15        494
   373         2        15        763
   374         5        17        110
   375         1        14        880
   376         1        13        873
   377         5        17        106
   378         3        17        245
   379         2        15        773
   380         4        15        296
   381         2        15        630
   382         2        16        607
   383         4        17        236
   384         5        16        122
   385         4        16        223
   386         4        14        465
   387         5        17        246
   388         7        19          2
   389         7        18          2
   390         7        17          4
   391         4        15        395
   392         1        14        783
   393         2        15        634
   394         6        20         16
   395         1        14        884
   396         2        15        632
   397         6        17         17
   398         3        14        642
   399         1        14        794
   400         4        17        291
   401         2        15        763
   402         2        15        637
   403         5        17         52
   404         4        15        407
   405         3        16        608
   406         3        16        483
   407         4        17        294
   408         7        18          5
   409         1        13        873
   410         4        16        254
   411         3        16        438
   412         3        16        441
   413         2        14        627
   414         2        14        784
   415         2        15        772
   416         3        15        596
   417         3        15        622
   418         4        16        464
   419         3        15        474
   420         4        18        173
   421         4        16        295
   422         3        15        474
   423         5        17        234
   424         4        17        235
   425         5        18        121
   426         5        16         98
   427         4        16        202
   428         1        14        874
   429         5        16        109
   430         4        15        262
   431         5        16        248
   432         2        15        646
   433         7        17          4
   434         2        15        631
   435         3        16        475
   436         7        18         19
   437         4        15        412
   438         2        15        651
   439         1        14        808
   440         3        15        608
   441         2        14        763
   442         7        20          8
   443         5        17        111
   444         2        14        763
   445         3        16        470
   446         6        18         22
   447         2        15        602
   448         1        14        869
   449         6        17         44
   450         4        15        406
   451         5        18        124
   452         2        15        616
   453         4        17        236
   454         5        17         93
   455         4        16        477
   456         1        14        876
   457         4        15        318
   458         7        18          5
   459         6        19         35
   460         4        14        447
   461         2        12        788
   462         3        15        621
   463         2        15        587
   464         2        14        622
   465         4        16        422
   466         1        14        883
   467         3        14        604
   468         4        16        411
   469         3        15        627
   470         4        16        413
   471         5        15        248
   472         3        16        432
   473         3        15        444
   474         1        13        872
   475         2        15        786
   476         2        15        628
   477         6        17         25
   478         3        14        675
   479         2        17        269
   480         4        16        130
   481         3        14        661
   482         3        15        479
   483         4        16        387
   484         3        15        446
   485         2        14        780
   486         3        15        611
   487         3        15        443
   488         4        15        306
   489         3        14        621
   490         1        15        766
   491         2        15        666
   492         1        14        796
   493         4        16        280
   494         3        16        480
   495         4        17        263
   496         3        16        465
   497         2        14        760
   498         2        14        776
   499         3        14        615
   500         4        15        225
   501         2        14        768
   502         3        13        488
   503         5        18         45
   504         3        14        643
   505         5        15        229
   506         0        13        938
   507         2        14        616
   508         4        17        243
   509         7        17          1
   510         4        15        297
   511         5        15        268
   512         5        17        245
   513         1        15        759
   514         4        17        296
   515         2        15        644
   516         5        16        274
   517         2        15        689
   518         4        15        276
   519         4        15        263
   520         5        15        281
   521         5        17         41
   522         5        18        134
   523         4        17        424
   524         6        18         90
   525         6        19         30
   526         7        20          1
   527         2        14        797
   528         2        13        800
   529         3        14        456
   530         2        14        626
   531         3        14        457
   532         7        18          4
   533         6        17         23
   534         3        15        497
   535         2        15        638
   536         7        18         19
   537         4        16        397
   538         8        18          0
   539         5        17        151
   540         2        14        756
   541         4        16        400
   542         4        16        262
   543         2        14        664
   544         3        14        590
   545         5        19         43
   546         3        17        274
   547         4        16        227
   548         2        15        761
   549         2        14        792
   550         2        14        777
   551         3        16        602
   552         5        17        118
   553         7        18         11
   554         3        16        489
   555         2        16        606
   556         2        14        770
   557         3        16        395
   558         2        15        770
   559         4        16        261
   560         5        15        120
   561         5        17         47
   562         1        14        873
   563         3        15        607
   564         1        15        780
   565         2        15        674
   566         4        17        284
   567         1        14        886
   568         3        15        620
   569         6        17          3
   570         3        14        613
   571         3        15        453
   572         2        15        631
   573         1        13        877
   574         4        16        104
   575         1        15        789
   576         3        16        467
   577         3        16        496
   578         2        13        783
   579         6        18         35
   580         3        16        628
   581         3        16        432
   582         6        18         87
   583         3        16        427
   584         1        14        779
   585         5        17        108
   586         2        14        767
   587         4        17        259
   588         1        15        673
   589         5        17        103
   590         4        17        250
   591         4        17        165
   592         6        19         29
   593         3        16        470
   594         5        18         45
   595         3        16        467
   596         3        15        469
   597         6        18         35
   598         6        16         90
   599         3        16        601
   600         5        20         16
   601         6        17         45
   602         3        16        421
   603         5        16        154
   604         3        17        408
   605         2        14        782
   606         2        14        781
   607         5        16         27
   608         4        16        436
   609         4        16        135
   610         4        16        233
   611         3        15        435
   612         8        19          0
   613         2        15        613
   614         5        18         98
   615         2        15        657
   616         4        17        242
   617         5        18         95
   618         4        16        233
   619         4        17        412
   620         2        15        657
   621         2        16        612
   622         1        14        773
   623         3        16        518
   624         1        13        802
   625         7        18          5
   626         2        14        633
   627         4        15        312
   628         3        15        468
   629         3        14        590
   630         6        17         40
   631         4        16        260
   632         3        16        589
   633         6        18         14
   634         5        18        114
   635         1        14        790
   636         3        15        645
   637         6        17         89
   638         4        16        293
   639         1        14        870
   640         2        14        651
   641         7        20         10
   642         5        17        218
   643         3        15        495
   644         5        17        124
   645         2        15        605
   646         1        14        805
   647         6        17         20
   648         3        16        603
   649         5        17        102
   650         8        19          0
   651         3        16        435
   652         6        19         13
   653         2        14        763
   654         3        17        424
   655         3        15        483
   656         2        15        651
   657         3        15        492
   658         3        16        414
   659         4        16        303
   660         2        15        619
   661         5        16        238
   662         5        18        205
   663         3        14        466
   664         4        16        254
   665         4        15        483
   666         3        16        433
   667         5        16        150
   668         5        16        134
   669         4        17        253
   670         2        16        615
   671         2        14        643
   672         4        16        437
   673         6        17         37
   674         2        16        447
   675         1        13        876
   676         5        19          6
   677         6        18          9
   678         3        15        507
   679         2        13        791
   680         4        16        283
   681         2        14        619
   682         9        19          0
   683         5        17        131
   684         3        15        463
   685         3        16        613
   686         3        15        586
   687         4        16        252
   688         5        16        109
   689         4        16        299
   690         2        14        761
   691         4        15        119
   692         3        14        420
   693         6        17         27
   694         2        16        473
   695         0        13        938
   696         4        17        238
   697         2        15        654
   698         4        16        430
   699         5        17         96
   700         5        16         87
   701         4        16        275
   702         1        14        878
   703         3        16        469
   704         4        16        247
   705         6        17         96
   706         2        15        651
   707         6        17         20
   708         4        18        160
   709         5        17         87
   710         2        14        655
   711         6        18         23
   712         3        16        402
   713         1        14        870
   714         0        13        899
   715         1        13        808
   716         7        20          2
   717         3        17        429
   718         5        17        164
   719         2        14        786
   720         3        16        433
   721         2        15        619
   722         6        18         37
   723         5        16         97
   724         2        14        640
   725         3        14        626
   726         6        18         28
   727         5        16        277
   728         7        17          1
   729         4        17        256
   730         5        17        118
   731         3        16        420
   732         3        14        633
   733         6        19          5
   734         5        16        153
   735         4        15        250
   736         5        16        118
   737         3        16        453
   738         4        16        248
   739         7        20          1
   740         1        14        807
   741         1        15        646
   742         2        15        782
   743         3        16        457
   744         1        14        877
   745         3        15        489
   746         3        16        621
   747         4        15        247
   748         5        18         89
   749         9        19          0
   750         4        16        262
   751         3        14        624
   752         6        19         28
   753         1        13        891
   754         5        17        122
   755         3        16        258
   756         2        15        664
   757         3        15        292
   758         4        14        446
   759         4        16        284
   760         5        18         47
   761         3        16        441
   762         5        17        112
   763         3        15        470
   764         3        15        598
   765         2        15        627
   766         4        14        428
   767         3        16        496
   768         3        14        450
   769         3        13        642
   770         1        15        773
   771         4        16        285
   772         3        16        424
   773         3        15        441
   774         4        15        427
   775         6        18         32
   776         2        15        657
   777         5        18        143
   778         4        15        348
   779         1        14        875
   780         4        17        288
   781         3        15        437
   782         4        16        180
   783         1        14        821
   784         1        13        889
   785         4        16        245
   786         2        14        639
   787         4        15        278
   788         8        19          0
   789         5        17        127
   790         6        17         31
   791         4        16        267
   792         4        15        414
   793         5        18        109
   794         2        15        641
   795         4        17        241
   796         7        18          1
   797         1        13        816
   798         2        14        788
   799         3        15        620
   800         3        15        437
   801         4        16        272
   802         4        15        405
   803         4        15        443
   804         2        13        792
   805         4        16        159
   806         3        15        505
   807         4        16        404
   808         4        17        283
   809         3        16        446
   810         5        19         48
   811         6        19         15
   812         3        15        634
   813         6        17        106
   814         3        15        415
   815         6        20         37
   816         3        16        258
   817         5        16        223
   818         4        15        409
   819         3        16        483
   820         5        17        264
   821         4        16        328
   822         3        15        602
   823         6        17         40
   824         4        17        158
   825         4        16        253
   826         3        15        445
   827         2        15        784
   828         1        13        880
   829         6        17         25
   830         4        16        229
   831         3        14        455
   832         4        17         99
   833         4        18        263
   834         5        17        140
   835         3        14        524
   836         5        16        122
   837         5        18        117
   838         7        18          7
   839         4        17         96
   840         4        16        235
   841         3        14        648
   842         1        14        768
   843         1        14        793
   844         3        14        611
   845         2        15        622
   846         5        19         54
   847         7        17         21
   848         0        14        880
   849         3        15        599
   850         3        17        310
   851         3        16        296
   852         5        17        268
   853         0        13        938
   854        10        21          0
   855         2        14        772
   856         4        16        255
   857         3        15        519
   858         5        16        146
   859         3        16        454
   860         6        17         31
   861         3        15        488
   862         7        18          3
   863         6        17         74
   864         2        16        465
   865         3        13        517
   866         5        16        177
   867         4        17        303
   868         2        13        789
   869         1        14        870
   870         3        14        492
   871         6        16        139
   872         3        14        453
   873         3        15        452
   874         4        17        298
   875         3        16        512
   876         1        13        890
   877         5        18        114
   878         3        15        449
   879         3        16        436
   880         5        18        142
   881         3        14        640
   882         2        13        787
   883         2        15        637
   884         2        15        677
   885         4        14        465
   886         2        14        467
   887         6        19         48
   888         1        14        796
   889         6        18         39
   890         3        15        612
   891         4        16        266
   892         4        16        405
   893         2        14        798
   894         8        20          0
   895         3        17        317
   896         5        17        112
   897         4        16        258
   898         2        14        601
   899         4        16        418
   900         3        14        454
   901         5        17         33
   902         2        14        773
   903         4        17        314
   904         5        17        255
   905         2        14        779
   906         2        15        635
   907         4        16        227
   908         2        14        600
   909         4        16        494
   910         4        17        267
   911         1        16        487
   912         6        18         42
   913         5        17        219
   914         2        13        666
   915         3        15        448
   916         2        16        459
   917         3        15        442
   918         4        17        446
   919         4        16        244
   920         5        15        157
   921         2        16        599
   922         3        14        304
   923         2        15        623
   924         3        15        612
   925         1        14        793
   926         4        17        252
   927         4        17        238
   928         6        19          5
   929         4        16        414
   930         7        19          1
   931         1        15        778
   932         5        16        120
   933         4        15        281
   934         1        14        887
   935         5        17        114
   936         3        16        476
   937         2        14        767
   938         3        17        286
   939         5        15        277
   940         2        15        770
   941         6        18         35
   942         4        15        419
   943         8        20          0
   944         4        17        301
   945         3        14        643
   946         3        15        481
   947         5        17         55
   948         2        15        771
   949         6        18         27
   950         3        16        461
   951         4        17        315
   952         2        14        642
   953         4        17        127
   954         6        18         84
   955         7        19          1
   956         0        14        880
   957         3        16        411
   958         4        16        247
   959         5        17         43
   960         5        17        100
   961         5        18        115
   962         6        16         31
   963         2        16        587
   964         3        15        438
   965         3        16        596
   966         2        16        608
   967         3        15        610
   968         9        18          0
   969         5        16         84
   970         7        21          3
   971         3        14        624
   972         3        16        603
   973         6        17        121
   974         6        17         33
   975         4        16        285
   976         1        14        870
   977         2        14        764
   978         4        17        250
   979         2        15        459
   980         1        15        772
   981         3        14        598
   982         2        15        626
   983         3        17        287
   984         1        14        788
   985         4        15        280
   986         4        16        300
   987         6        19         36
   988         3        15        604
   989         1        13        884
   990         5        17         88
   991         7        18          3
   992         3        15        469
   993         4        17        294
   994         5        18         38
   995         5        16        123
   996         2        15        770
   997         4        16        411
   998         4        16        254
   999         1        13        879
